6277
3999
20516
1690
21331
30251
29480
6174
25068
2892
29328
28856
5714
7908
25147
32509
23031
20654
9191
117
31803
27420
21064
22645
27665
17630
527
13987
7715
27757
3408
13992
31757
23924
15683
20320
21407
12396
26495
13708
15288
23055
9797
21003
30964
2176
20744
21228
22831
29935
21345
21866
24588
9642
11744
19486
27272
12271
706
2220
7261
4114
16213
6251
28038
31896
26572
16678
11524
20299
30386
26812
10587
7415
15047
8784
9591
3024
30012
32422
192
18589
21521
24780
28231
497
11498
22736
12769
12204
24956
20031
16319
8401
26283
11589
7529
20087
28267
19054
7619
25886
13099
18207
533
28146
26991
10125
31171
24235
9780
31363
10057
31302
23376
5520
31800
2107
28257
11801
14312
20445
31833
30631
28847
25349
9452
3609
12669
4952
22663
20288
30839
2994
5727
31372
31141
32719
8730
29544
24186
18511
28140
1475
17045
18748
6996
16077
20856
2485
27879
2400
22931
26945
263
19010
19526
9716
22619
32195
14669
12515
19716
12740
15509
25444
11345
13882
25395
20076
10659
16814
5819
6031
18289
22864
24780
25286
6174
12868
27771
1285
15269
17935
28230
15533
4177
14989
25250
26797
14416
7151
6545
1365
19892
22054
26809
31238
3169
19437
18546
13829
3483
24366
19861
21772
14463
11874
14290
20637
24743
9294
21923
7244
27229
17386
22778
31407
32375
15260
25437
14024
22412
31982
15389
9537
21269
9430
8007
24439
28867
26554
5500
32350
18152
25362
21355
32616
4468
2878
20485
29211
12173
9641
3688
6635
27027
26466
5275
26634
8958
30712
7890
31371
29927
23279
8140
18429
32710
16148
10100
28810
9935
15601
28393
28087
8195
16980
27936
12663
19859
15653
9107
32033
25294
12795
5900
19553
6493
11175
13420
15452
9120
21311
14055
6280
11822
22196
24709
11765
5577
2042
7807
15512
17644
3433
10831
25839
20414
6000
5735
7505
21653
14843
6770
14180
27638
12671
966
1363
23847
14386
16816
199
2930
30872
6480
14752
20300
31190
26518
25877
464
1558
8621
18108
4991
19453
11180
25405
25453
16916
142
14339
31759
6913
28519
26630
19585
29486
27994
10664
11105
12042
10864
14035
10146
17344
28788
30447
15766
22538
23556
16231
24096
32178
1572
29088
18863
12752
21725
11549
29669
21868
25888
28661
28782
21640
22523
15599
18359
17749
26263
29464
29792
4359
10732
7170
21704
6752
4849
4702
29291
28406
20933
20620
27816
22505
16940
13912
2490
5897
25461
32160
27766
18582
28053
23780
7455
17809
6611
25814
2791
107
22511
32583
4467
476
6985
26171
7228
11835
30873
3752
7473
19039
24373
2522
8776
8545
16434
11267
14443
9128
10659
9441
27710
5945
453
2398
23754
7065
28213
26546
7173
17956
26361
11640
18432
579
5044
25661
12414
3149
29414
19888
22189
21019
22410
30965
29565
6076
9465
11240
15204
20124
20682
10147
26070
21136
12545
17057
28201
7990
10835
2607
25947
4428
14247
11612
5007
19291
4506
17422
22441
1153
4542
11862
22172
26952
10060
18969
261
19526
30210
15466
6883
18124
25613
185
6492
5391
17242
1926
13382
28077
4533
6562
32506
18781
18174
4745
5305
22681
22168
27746
23834
26710
6841
13239
20895
16902
32209
21157
3660
29651
3855
10543
15007
29469
10729
21500
2092
27972
23426
15475
23281
27960
22037
23020
13973
7444
27766
19278
30125
17166
14257
21192
11109
21098
1664
32005
5233
1106
20394
8893
30757
24249
19437
12997
20950
30167
1730
23043
25371
25156
5750
15885
20348
27787
6137
1554
2463
1135
20832
32589
18301
2321
21014
29410
23420
22679
28647
28653
23785
16274
4779
21774
7755
24217
2004
28706
21616
3734
18981
14220
28891
24731
30105
16472
19751
3474
18026
22215
4609
6091
22036
22911
8412
10283
19554
31833
194
15434
27719
23979
31708
32498
12986
6695
23948
14991
2634
12797
18726
21615
27017
14849
13579
24354
31321
562
27829
16580
22777
32439
22671
12046
22582
31084
22330
9368
30149
22524
24802
25101
13736
23742
24831
26723
30438
16012
8947
304
28809
27673
21920
23059
9754
2731
14646
8308
3294
9707
24889
26072
9378
14792
5351
31961
13109
27681
8562
10491
17438
596
2824
31175
24339
27656
25131
22010
10900
1310
22315
6942
28983
11467
30001
5970
14199
11880
14279
17494
21587
6400
10799
30966
21193
16151
30160
1534
11065
5954
12026
28503
6551
14850
26911
30890
9738
19275
20133
20639
20585
9680
27581
16801
21148
24815
22772
2580
3928
4283
20074
25516
10683
30874
23714
31877
14257
21107
644
25322
27061
12670
21058
844
27521
15202
31735
4491
1709
19101
25131
22295
28781
19945
6328
17162
11993
29100
19742
15921
615
7049
8669
11299
5155
32384
10409
19413
20723
11053
11967
15016
23723
258
15861
18476
15460
14829
22968
17169
1162
15331
6696
29944
2509
13025
14338
14502
9357
1313
30424
9973
8362
6325
21273
13518
5941
31682
164
26665
9967
12132
8914
923
12390
24775
19399
27850
6837
9600
12252
7999
24932
18949
5175
27441
31974
19514
9176
8564
20827
6832
18538
29190
13157
7044
9941
19099
5959
10105
12996
15927
22237
21910
16850
1860
13918
3482
29711
20755
13083
9195
28755
5247
28145
1163
32689
27352
20678
9097
3149
8738
15930
21688
5160
29087
28732
15102
15419
1924
25208
28416
17851
14677
17559
1934
16538
31478
5416
13481
19466
18499
22677
15453
23747
18054
16617
23668
12638
4527
32765
15788
13265
15927
4708
18426
12247
673
760
27667
2597
25969
23315
20448
7879
8107
22382
24417
6817
27799
5130
26283
13531
27807
8969
4510
13093
25586
28178
25732
30113
28176
8752
10611
11336
13461
29038
23583
14134
29799
18483
16731
23000
9030
4412
30879
17138
26795
22528
23955
21826
27658
17470
2590
22698
26439
7100
3024
19258
2511
28757
16604
30688
4742
27215
9256
18203
23485
72
32337
20516
18555
16301
10748
27586
20713
8860
11956
14740
31388
3143
3799
26279
20614
6389
16210
14286
13490
19234
776
16001
15223
17380
13921
19965
11828
23178
5401
2545
23250
4970
23062
9038
21272
1043
3856
9217
9903
15813
23958
8524
18957
27757
2036
6803
1378
18246
21090
14868
4712
21866
30870
19936
6479
12024
7134
18307
2434
12535
20853
25684
17506
11148
1955
6010
12191
5811
15228
22095
21625
6418
30620
7814
1408
32656
14618
2787
18134
2940
17656
22847
24807
15758
10015
31287
27782
17149
16826
30217
29685
4912
23134
14424
16060
25089
20435
28252
30901
2895
17580
19758
9314
15432
27573
10723
15320
9423
13510
687
12364
31166
23534
4404
14156
781
2923
9171
17931
19750
6620
14849
24662
29755
29273
7955
22076
16941
3439
20209
19837
21019
7200
29152
3684
2005
7107
19005
11429
20617
19692
23794
19015
10458
28199
404
11240
31122
9576
29172
18105
16197
11254
9999
13184
7760
17954
2493
24701
21394
22702
11770
9645
29902
8154
13330
31908
15261
32335
10569
3111
19260
1596
22127
29718
29795
22532
8191
28150
32108
4596
13487
15538
15850
23486
28723
23610
8673
31216
15543
30067
21151
27314
6945
18286
2701
20275
17426
17963
19842
27996
21074
6334
29592
10433
3285
26620
198
11477
22002
32307
16074
2721
15077
31924
26208
11033
22767
2113
9481
5543
32180
30632
89
6357
16151
2790
26632
809
20753
13707
28806
9060
20042
25631
19494
23328
19483
19692
2037
8718
19231
18111
11439
1541
17268
4879
12574
7268
6992
22056
12811
6405
19921
12901
12762
3304
15692
6627
4113
3678
20334
152
12738
7609
25783
32232
30937
12499
19157
207
21217
5621
18319
32656
7163
2820
4768
19738
10088
11761
9026
22899
18166
28947
3032
30928
32252
18724
4788
3598
22403
25123
3750
2373
32732
29534
1838
30902
9265
20996
31109
30482
26617
16661
30371
1013
19481
2372
20751
29569
14133
29778
19700
32300
25958
22733
30461
25442
8690
2481
29040
31093
27604
22
698
27569
29556
2537
25703
6054
23533
24045
3769
17383
7938
1373
18396
27419
3745
6380
24220
17879
3390
11153
17411
29348
1118
15104
22022
9808
17586
18295
8134
12423
18317
8832
7224
15106
11370
160
21160
2136
24206
24930
19519
32144
26303
5148
26796
30049
11529
18248
15160
14919
29402
32572
11500
30520
14909
755
7561
32495
19050
15695
12151
4599
24528
19376
19706
3131
19536
8099
5267
10974
261
24786
10351
26564
29935
4379
23846
8696
22628
6238
23616
19262
6043
2348
17015
20952
3103
24576
20680
22153
7504
63
26753
32033
19439
13691
2396
6208
21791
7663
17183
22052
32450
27534
15849
29618
31914
6927
5546
21774
13166
29162
8268
19209
31511
25283
7394
1846
17092
28075
24000
24596
28138
17985
23862
14810
31677
26258
21019
20701
1153
5435
9985
836
201
25835
30454
32115
32763
3233
21121
13161
32396
29390
32371
31139
21905
6998
218
6230
2305
24218
30826
30443
9436
21920
12486
8346
15411
738
29047
16565
6173
6265
17401
6375
32100
15088
5722
32095
18321
26844
12489
17949
23467
12093
16321
12605
19091
16539
18835
21396
7990
16894
19072
17426
6046
31559
25772
21458
32297
22051
5255
5703
28316
22657
12078
27649
4977
17801
26977
23299
11878
6698
8481
2577
18792
24802
15182
5116
8574
1250
26512
16564
18144
12817
1222
24190
11609
26995
12881
11138
16278
18136
16842
11827
8025
28920
6708
13002
13954
917
3534
25832
7616
12015
28410
26408
4050
10824
31524
12624
12074
25269
29188
30218
5319
30411
21641
16928
24638
1754
28067
8149
19891
12141
19976
27916
8294
26684
8151
22248
27601
11685
15312
2449
23701
10954
28858
27751
21779
27615
7608
1086
20117
4028
31305
25436
1672
20179
9597
26310
21934
4896
1692
9057
17038
21668
4206
25333
15584
12358
14813
10417
24044
30126
12867
14977
8312
8958
9960
30092
3805
17569
31179
23923
21597
29716
16591
23270
17128
26189
16813
6294
31086
18505
15352
15356
7405
19558
7922
22989
31916
22735
639
23192
20093
13506
5402
28406
22465
15363
25731
26270
164
24142
17425
21762
21090
1249
12264
5450
27438
29077
11745
25757
14815
27097
8346
22220
13888
16268
12442
13036
6235
13081
3461
26329
26588
8864
21967
16285
24227
14930
9788
24391
6305
27214
13385
27396
28463
25650
78
23134
21960
11824
16124
4007
6153
24470
26228
20042
7970
5902
310
14206
18984
3772
7767
12805
12636
29735
29091
4096
11898
6111
28487
18203
558
9105
12831
29022
1988
12910
19388
23948
24734
2744
27955
30888
27215
21416
18162
2417
27318
18473
16623
13535
22246
24390
26340
2115
21358
22663
6211
488
28775
1931
18691
29333
11036
31522
25587
13024
11665
12208
4205
3631
14953
32161
1752
9400
20809
19914
11818
15360
5620
28441
28895
27866
20064
22468
29982
8654
12364
3425
9142
8372
5356
27834
4937
16393
26589
30525
29418
5486
9966
856
9118
24920
249
10870
1552
21058
30785
13370
3650
3638
9044
32546
31505
29108
22247
28719
4994
1843
32144
14137
10215
4733
9203
15153
21127
3024
12911
17778
8511
22877
18634
17629
15029
18883
28500
16582
7174
26518
29953
10825
30156
6229
10603
28893
2569
83
24845
7564
1926
24222
21702
12142
28955
30905
27296
17315
1162
7439
2325
9674
30317
20960
27303
12579
7075
23036
29161
14249
16786
26347
25075
14175
32576
2911
10300
2378
2994
2377
9942
4920
26599
31644
17063
22787
29782
11591
7335
30945
19030
9660
7852
16580
30620
2387
29159
4928
25424
25553
19178
9442
19132
11485
23617
18940
14396
1150
21318
17391
3528
31261
22312
30128
30138
6607
20148
27153
18198
27483
25331
4461
4376
415
21041
2228
2803
17433
7157
28227
10219
26335
4902
29351
5053
28520
15524
19450
29671
4075
4073
431
2569
26385
30560
32707
225
17940
27093
18424
12656
19656
22885
17032
20071
11159
19261
22874
28593
26418
18333
6044
19986
23236
2628
25039
18988
18153
11722
15891
22228
15795
16323
24798
9413
14115
24737
9638
32056
19062
28063
11944
5950
18181
28976
26022
29340
15469
16128
25166
9120
1694
31210
29106
24930
1071
21378
11151
19224
332
27042
8685
16128
10597
715
25542
24713
25453
2413
24001
11748
30476
3177
17699
15889
32153
10953
12462
14855
27082
4860
23975
28776
3303
20314
20939
4374
8925
32090
23599
9258
26365
32285
25387
4194
232
18161
28907
25686
20574
20141
4666
18283
23318
22365
1404
22704
551
13866
4791
27633
18727
28767
23641
22031
16314
11813
26406
25239
11136
17237
1729
4733
16754
27116
8928
16987
12510
5068
9905
317
25209
14571
18600
15759
4169
20005
5696
4720
1104
10488
32353
19831
6487
23227
9094
22802
2273
2732
15273
13409
19970
17003
18142
3957
11352
27070
20944
23863
32139
30850
24180
24580
12654
10012
7572
16823
30017
13268
21544
31121
23756
21129
18185
30244
11589
27280
20278
13862
30012
2784
27271
17215
19788
12646
21172
31140
6949
9348
22235
6320
7431
13648
30901
20085
23660
5705
4140
20910
18974
25684
19264
9963
14046
4681
7440
25635
31962
27719
6730
29207
30503
1234
13654
17523
13880
2058
15896
20830
11407
5364
27150
18838
19012
25284
6155
9905
30990
10296
30815
17196
3213
17312
27160
17260
21994
1832
10128
21188
29551
16858
17627
27287
18092
31281
12043
31973
572
27939
20035
11980
536
14418
30818
19548
6934
4206
29453
5156
14503
27501
22353
17717
12046
16746
2209
1272
18579
12337
22461
15363
29196
7320
9882
14521
5834
21925
13726
6407
17097
994
18387
17633
15412
16438
4414
22347
20645
1100
27504
2380
28602
17089
20097
7880
1068
22307
9153
19647
1877
31614
2242
31073
6166
12124
12826
12001
1282
26553
18408
18380
27547
4027
3246
10192
20466
7660
32539
8343
8760
27275
10723
4595
11597
30821
12475
12665
20361
21628
32312
22238
20474
1786
20544
26641
13911
603
5875
15194
27156
24284
806
21936
28312
4052
32128
16010
11713
31900
24353
20474
26407
2309
25069
5237
362
4776
17902
20724
26405
17447
10195
14112
19233
30739
7986
377
31342
13862
15571
25731
5378
16378
14900
922
20431
14261
16932
32144
13393
8517
19850
7033
10826
12151
12270
11189
16928
30173
31914
10566
14852
9341
24679
1318
7312
32665
1695
5887
13759
17267
31619
19137
877
13751
20060
21308
28012
4224
20685
8638
12742
7767
15671
23569
19919
27942
1991
4080
25347
1137
14647
7431
10479
6558
8750
17792
6456
10445
23679
20216
27713
22531
6586
28590
3514
26646
17131
31527
30870
5048
7397
10845
12816
23069
1646
32736
18243
3637
4048
10823
4775
18696
18255
15254
25254
27005
278
31710
4682
23958
19158
32395
13721
25744
28218
17236
19623
12582
15995
17725
17631
23393
28571
30447
13694
30217
30415
31938
1087
1696
9994
5863
20392
28249
21117
12879
22486
21396
11822
27169
12586
30981
26797
26308
23958
22248
10776
10813
2062
26772
28539
19693
17397
24342
17373
31092
21792
15020
30263
22879
16717
7489
28743
4342
2971
17092
17222
25457
5721
29044
19859
18307
27257
13889
11848
18448
3369
22624
29261
5431
16628
25033
25125
1258
16607
9730
32351
5632
24751
29846
28512
8700
4568
24487
13043
7539
8811
30265
229
14533
26541
20089
73
21031
1210
11921
6711
4579
1777
3205
10011
18406
28238
2368
19665
12078
12098
19248
17710
4081
16327
13454
12782
20896
5173
25825
28435
13985
23323
28665
28518
17097
15987
28591
5360
17197
7744
12072
21776
9522
15277
31788
27929
10748
1388
14826
22826
13486
1306
7768
17568
17633
21222
30350
5762
26396
23408
1429
7613
13963
30095
3364
31060
13314
31956
3653
30512
6932
15725
19521
16455
31003
18541
11616
8983
19929
26442
31810
647
27749
6810
18215
12615
28033
15798
18377
21661
6438
19807
29275
20402
17134
32639
18694
30449
31827
22348
28193
5992
5306
14946
22447
3541
719
1296
12525
20649
27738
11567
21296
22719
18378
6744
2567
13643
22543
20944
2536
28981
7983
31811
16616
25118
31683
2543
22799
30742
24891
18225
3967
30197
404
26415
971
1124
27711
13497
21773
22682
25065
10302
12634
10675
17047
15201
24318
6822
3377
26855
3036
11360
25899
19652
3711
24815
22195
26511
22790
14319
11968
26757
11749
12373
20404
12720
13497
15347
26218
2502
5261
18515
12805
17895
29191
29852
328
20742
3907
3706
14829
6943
15067
7961
26596
18778
8
16024
12521
22799
30343
24490
16788
9324
4095
4424
22045
17593
19772
15495
20096
25034
1243
133
10161
30434
29985
10490
18409
1124
14196
471
8068
29263
8432
1897
15274
8441
17921
27796
31240
15496
19518
15261
24821
23614
19686
14098
8439
6690
29594
28535
31724
30838
28669
9118
28505
25886
19608
14146
27011
1037
14617
2312
30301
23050
4209
12807
31492
22130
7835
29965
4859
27354
12458
29681
18201
32144
11012
26640
6067
7838
22408
5024
5909
18309
14142
1646
11428
983
15793
5672
2020
30410
7984
32321
20693
12194
12360
19417
1557
20196
16614
6416
14783
29073
3329
216
28449
14341
26856
1749
22180
16497
6773
28090
2038
20915
29736
13467
21898
12762
19139
23919
10404
27124
23472
31097
6550
3065
17747
8107
23262
1593
14524
5277
30666
17854
5493
26348
32196
32350
28098
21609
16079
2103
16931
18118
23019
13900
31586
12150
26662
17957
3301
4298
12313
26774
2628
18864
29839
20376
26972
20334
21969
8728
25611
19868
26583
31104
13449
26011
30687
8779
14852
13998
10883
31783
32117
1135
12915
30935
13285
6809
16125
16587
11108
28439
10593
13737
14535
7665
1345
8739
28000
23315
17468
20843
10416
11283
19180
23866
4527
17099
32645
19379
31098
10761
18395
30447
11896
31311
28615
25182
5352
11972
9001
16461
7643
19595
30198
22179
27261
31544
30919
22493
22091
15619
10569
32508
26903
29749
23606
31431
14081
23484
18042
12411
1477
3670
10091
13374
2213
5939
5788
7566
17911
14790
24028
25555
1618
21459
14966
28880
20235
13117
18606
9559
28737
29175
9299
22873
26157
137
21536
7471
23621
6811
19883
25099
10481
29974
5706
12695
3146
11495
20261
21057
26285
11521
13845
27904
212
28811
24017
20448
9161
9855
30007
5130
6263
6538
28004
32420
6676
16772
7123
30298
23583
27006
22630
1297
24213
28336
13992
27360
7063
1485
15650
581
13007
29495
28485
13220
25539
19734
900
1932
29589
30907
7063
3085
4678
2299
2737
11355
19072
9861
8885
9887
4100
31515
11184
28314
27083
25176
22906
1379
26662
5788
1960
6902
2515
30445
20122
28054
17412
21022
29987
14234
19162
4282
17319
23841
6582
20057
2428
25654
29918
11314
2774
1251
10061
13959
29565
4377
6368
19703
5756
262
25492
7716
7164
28008
5394
27287
23294
22806
15542
20514
4273
1936
24797
21592
25777
31379
8881
28206
24266
6032
6752
27040
7283
16814
8232
4080
21192
14600
23784
26948
14863
16508
1897
22028
11748
7292
16547
2275
30099
32089
22790
1604
1258
14819
23196
27036
13431
32078
22474
4929
5342
29227
31970
12625
13273
7434
16706
1697
22035
7723
28646
4130
24231
30544
26158
3212
5068
9937
5488
2399
9259
28278
4004
10517
10329
27200
4785
23760
26511
27260
28690
31854
23719
27892
11711
4224
2559
28418
5922
24594
3373
1800
28724
27605
32344
22114
30817
4645
32052
3537
7045
8543
31816
11049
19060
9377
5482
23846
370
31993
18338
29060
31079
9289
24185
10023
13514
26744
5673
19436
18571
9047
21236
14527
3884
20813
3874
1934
25458
3159
5472
32503
11702
4520
10785
30763
13898
16267
21842
14268
15492
7412
10560
13804
16702
1977
23827
30216
28722
29501
16884
14525
5781
5353
29053
9665
26167
159
11600
18858
3319
17072
18594
15021
21593
29379
13017
2723
12878
2092
16991
28371
9504
27552
9407
26207
29530
467
23655
25484
29968
7772
7242
2981
13125
3527
12647
6525
3687
24247
25383
7006
8552
11209
22028
30145
7821
2278
100
20699
4370
17092
16303
13875
11876
25710
7314
8638
26177
30969
1355
23378
5973
8597
26360
19099
12124
6240
25625
15811
30487
18240
22817
6271
29450
12078
3648
4503
14356
3749
25203
18726
20841
8738
32601
32718
1681
7147
8589
27859
5349
9944
18469
11323
18542
12062
30423
30667
18302
23280
13710
16021
8752
3760
22293
5435
15839
25942
9938
30195
29692
2373
16153
17765
11112
15986
17716
12793
23134
26305
7884
28483
3482
26354
7038
22025
5648
4693
19924
23951
27973
867
7204
3958
4628
29498
9393
20467
22673
19332
17894
19597
21706
1280
4595
50
17267
22311
12844
7633
15849
20729
3349
19332
14315
10388
8589
19964
15082
28514
11147
10288
29381
18352
14246
1241
15082
23640
21708
4988
10204
6835
24585
31910
8115
29181
31961
25382
18725
12038
248
1806
32767
3597
21139
14314
13985
29729
1511
29067
25475
12658
6587
22088
31010
20834
23330
13325
11706
12271
18313
21911
19106
10131
21054
27222
6544
20247
19836
25270
32285
20084
27077
32284
23682
15448
13831
4899
12409
15342
1198
5117
28001
7786
27206
26243
28620
17768
6801
7559
30040
25115
29470
16379
2479
17756
10833
9024
5235
30670
1526
4753
17986
28603
4270
8900
11283
18102
13800
23693
676
14999
28811
28677
22785
23249
22153
18638
8250
28955
26197
5522
21303
22899
21902
23782
7887
32735
38
13123
30637
1564
17877
15856
30168
22147
24757
8683
7481
5789
32377
8158
20788
28420
4068
10806
18902
26222
29444
27152
22410
22874
32675
10945
13006
21809
1959
20893
21777
1997
1249
19646
3562
19126
2735
962
8506
27492
9646
15988
514
9256
24147
21302
4908
28216
32109
23811
21670
28786
18196
11312
18892
18103
22257
31898
7145
24217
20024
28922
26215
21274
15801
29777
7633
18536
30740
16140
13261
7618
32128
13775
16874
23508
2310
21783
18956
1651
12826
7859
30438
31022
19172
16563
16358
8662
15693
23504
111
2950
19659
26326
24224
2692
23335
31858
21229
21307
15230
1723
28926
14591
15498
13032
5331
17809
2048
24288
19460
14874
32147
17131
13128
18551
926
29487
27213
16619
20223
27325
19570
7114
20883
11027
9807
11451
10117
31037
32759
25347
32760
28917
7171
15491
9182
12502
532
11230
4022
19993
26104
3402
4356
6465
21953
5282
3185
16399
21902
23408
10956
8704
30523
31839
19732
7562
10523
29849
5831
10514
22429
5824
6663
29600
21315
15845
9335
21847
27076
13357
9072
20412
16760
13428
26878
5945
18710
30063
22345
7845
20704
534
16549
18459
32373
3513
26021
10129
595
31853
20643
23024
4909
27306
19857
26224
10384
29192
15303
4692
9782
24376
25105
26542
5036
19216
32488
23747
16511
22065
31593
4447
22599
15375
22906
22205
18888
16160
32335
19484
15245
20210
9741
20154
14749
29598
13610
25133
26023
28914
29826
3037
20522
22164
29580
25559
8612
29300
16539
25124
18598
15364
29571
8430
30739
19710
30636
16860
3102
30203
3577
18347
17645
13318
5734
32394
10149
19345
24760
3404
15491
21819
6441
3246
11216
3253
28805
19828
32554
12577
12184
18384
27942
8988
26815
25913
28698
24683
10006
31800
22118
13583
17380
6996
26902
23114
6623
4283
9691
31384
7687
25183
20436
14129
28429
31652
17383
24467
18712
17169
4276
30897
2786
32219
7117
29601
25364
3048
21516
2603
2080
10867
16187
19461
17864
10321
9808
24487
14604
19500
23104
22291
11915
10772
3653
7577
9656
21036
32044
28368
5437
3553
26498
8223
3005
847
5057
28369
3895
26573
30973
5976
4673
14392
25438
22537
24713
2478
14257
6549
21979
4593
28841
1127
15365
32494
8704
25022
20762
7981
20622
26200
11535
14353
1656
14540
15201
6713
10142
19097
519
8347
25074
5192
22739
17744
27730
14685
20223
9220
21235
9434
13814
17308
10561
29179
17035
19266
21433
5029
27247
9288
31229
6015
23642
118
20555
6075
6831
30697
25172
7350
6277
17478
12543
29017
2455
7506
10934
22678
16726
32169
32113
30540
16710
9907
26952
977
29173
15618
6007
23653
24907
4469
29668
15781
4587
17455
21857
11418
15385
14262
18769
21663
31740
31312
17913
1428
6050
28848
24107
22777
28250
23452
20549
12192
591
14734
13170
29765
30353
19177
20650
22492
23646
17550
5506
28233
2238
27364
6884
17624
8858
25653
6520
7831
24198
24433
9259
30248
20513
598
20258
15995
24051
8040
28188
24643
22774
8590
21640
20360
27767
9523
10085
18646
27073
15591
14111
29312
10188
20996
14169
19046
13882
20689
26878
5312
12355
3370
2793
100
3968
23051
16096
28020
31091
11516
19895
21098
20106
8767
8690
15106
18290
18776
984
12596
1600
15096
9141
11788
3325
23311
30835
17207
11232
24945
22519
23587
28315
25313
23688
32284
15597
7016
27536
13920
18533
14663
2251
5872
23431
10942
20978
8954
29718
21963
21551
31318
4291
30693
10339
7617
21236
8406
24824
32469
583
14576
23289
28898
7121
14209
28415
22718
21226
23183
3871
6992
5079
6123
12864
28511
17065
1075
4697
14016
23038
26249
12567
27330
24174
22906
2179
12643
31313
27003
12344
31896
8811
2865
28027
15933
17074
23674
5883
5533
14090
9754
12525
19169
15878
25390
14912
175
26465
19610
14192
16735
13091
26760
11298
4498
16899
13477
17141
15444
7713
29485
14572
16525
32350
9832
32458
16657
739
5574
22191
14829
15329
1948
1230
31207
27338
16142
31383
21036
2985
12807
5003
16076
6799
16302
20575
23698
29779
4948
6375
4725
1666
20947
21250
1249
30780
20940
17906
31519
26515
7329
13580
9076
9278
14811
7515
3849
30954
6130
24885
1171
18938
29889
17248
25738
13423
5055
16669
10435
10004
23044
15160
11670
11223
3642
12919
9236
24583
30826
7987
18330
5388
21568
27406
14666
3612
2153
18516
1798
8284
10633
2969
27222
7755
20217
20192
21178
25273
4093
31614
2509
27137
14006
14179
5593
17648
27098
14830
9464
25156
22818
27794
30544
11618
22432
12443
15230
24586
30959
17029
103
8825
19998
27326
16581
7448
14751
4992
32721
18845
3838
2462
13215
17844
16642
18809
2725
10972
871
12189
3361
23689
7216
1138
2540
29649
13582
17771
21468
11774
2032
21571
20600
22030
16129
4413
29479
30880
9405
29433
16958
13244
31895
30173
31089
15769
16214
1046
26742
17085
13236
30104
8006
20453
31243
10547
17334
12057
28318
6034
23831
30350
27605
11664
19613
10967
16077
16324
9080
25483
12989
26038
5959
12117
23444
4280
27887
6890
5327
21862
23975
18564
19199
31982
6249
17674
9762
23583
29732
5312
29618
20796
2894
24456
32460
22508
2656
15769
6065
11736
8485
19055
5007
14444
31172
28452
18725
26292
2574
24053
15387
26550
9850
1818
25765
16100
19493
2759
6915
16457
8071
3766
4485
10966
28222
4177
707
30878
19947
6772
9847
28432
25827
14855
10109
24231
10539
28835
17756
13113
20121
375
6896
29971
2193
32661
13303
21686
2653
20219
5376
10725
23986
9861
21692
19440
14039
22399
17551
1219
29171
27398
29652
22230
9486
6993
13694
20025
3061
31450
371
23183
31826
7267
20387
1252
7161
923
22939
9814
21142
28315
20540
12361
5409
9464
31801
19448
31863
16584
20668
28267
11215
17552
17729
20701
24546
31424
7959
27607
30107
8330
18023
29165
15598
5642
30417
22759
6565
20588
32574
27708
16136
20347
7301
21545
29811
6335
8226
28907
22919
28894
24406
1367
13678
9368
22069
5456
8024
30028
296
5363
5590
18319
1761
21189
23962
32179
11180
30527
20000
10987
25467
3368
31335
1
24914
28378
6336
372
24518
29256
29266
16157
30623
10177
25525
19924
15633
782
17184
15930
6146
22775
1482
7907
11196
25444
7319
22377
23203
27319
597
15903
30688
31932
15904
22834
27543
22240
23207
19293
18728
19705
2682
16584
29882
28208
3740
12748
28990
20925
28678
2368
10933
30160
10276
22129
22837
17595
11739
13272
12147
12336
29176
10067
11500
12313
134
6276
1785
23341
25570
20514
10279
28252
4331
7394
23692
8072
20142
19915
28997
16053
22283
7163
13446
32559
29292
3515
17387
8263
16788
29534
20600
13197
6834
32101
25510
6969
5609
27296
30311
31179
15043
7823
26664
19374
15217
17589
27446
2592
4736
23676
18646
27020
30839
32092
26812
27364
2840
11431
2860
19629
8198
23461
58
15033
22794
25569
22002
28404
20097
19546
26816
2372
27369
20712
21747
9818
5534
16426
12411
10271
7335
31057
4524
5407
30382
31336
3
455
10000
2864
20084
18199
26325
20143
464
16352
12945
22467
11989
274
9245
6037
2647
3846
26750
24394
13665
32284
8053
26077
9788
15388
24366
14312
20795
21981
12880
20799
22436
22881
23663
9753
8312
17221
29896
8776
806
10073
31243
12795
10348
7721
18832
12995
11568
12815
4622
25233
12331
12676
18542
22120
28064
10141
3664
16091
32122
16545
4123
21790
6658
27787
31543
14970
12240
28672
23747
13047
5978
22223
25842
16326
29944
11907
29322
8744
24722
1177
1210
4286
13853
19753
26407
9150
29894
30071
25241
29249
13848
29364
18272
20507
24384
17048
2710
3856
12953
26457
16904
18931
15913
9979
2490
13090
21886
31813
21834
13841
222
23045
18128
14076
10030
11767
23226
7157
9070
15700
3639
22919
12297
21911
10659
3913
6192
13369
7770
19145
7059
24674
5308
22973
1885
7799
3295
23772
6844
25130
4846
7067
15407
22974
21144
25438
1973
11602
32596
11044
27303
3467
1196
6833
25379
11856
10746
31571
25225
18517
17949
32285
10424
23258
22490
12310
31057
25785
3314
5134
18147
8160
12201
786
31135
577
26225
341
12180
26053
11386
6716
29520
12583
13549
22132
24439
24296
20935
16896
10045
6117
16414
20470
29375
6136
12
27664
31921
3327
30
17301
11488
12232
18088
9855
12810
11545
10197
24990
4831
21583
31707
1583
1398
12488
23716
25837
4016
11883
9966
14062
18000
26381
1764
14608
32517
1777
9504
31671
5104
9535
16205
16592
21768
1525
26447
1810
13071
3877
26801
17902
25460
25740
19486
26859
5460
10434
19929
9477
22318
29896
23540
7551
23509
25304
22159
23259
27081
31664
22163
32185
8432
5600
16010
30200
7125
9690
32010
20197
13567
26044
5331
6260
19016
24818
351
24477
2484
20281
1187
24802
17409
24727
32354
8151
17264
21745
31410
11577
20641
20805
10995
29073
26405
27006
26506
763
3928
25748
20960
17495
19025
26292
23756
5273
18342
24107
29751
20827
11620
30938
12862
29030
22897
12448
4413
7393
1425
3056
18971
22067
23861
29967
18373
17499
24205
12111
18262
28133
5092
6455
12861
24117
32748
3849
29391
18323
27957
26374
6382
6810
24544
19245
3072
14674
31693
7486
22068
351
10542
8271
22418
1636
5470
8023
19135
29676
20134
4630
25041
25227
11085
5135
16576
11066
8985
13200
29389
4174
6806
3004
10985
31351
22249
14057
13258
21175
21544
2558
21526
32086
10829
11176
954
16300
19200
20090
13208
6567
24720
5482
31794
3037
10618
15603
14104
19603
28803
10726
23778
2842
13730
1995
1426
3212
16053
14684
24387
4830
17242
13146
4148
28072
24322
5103
11605
10755
25194
24814
17322
17146
30297
16349
20184
8147
31952
1520
27751
27988
12246
18761
30830
25977
20757
32256
29190
4042
14173
20809
8872
31416
1188
13021
26720
25511
18125
5557
3498
10551
30372
20821
27698
27901
4402
15114
3280
3586
16635
31031
31575
28881
17025
29637
22091
5014
29126
18513
9057
10532
6555
17930
9180
7743
30952
3132
486
16310
8690
3985
26862
6294
24806
21792
1428
29208
4139
4708
27
20774
2972
31602
16888
19998
28472
6211
25012
24831
24725
1302
2595
31280
19233
11775
6256
17417
14907
6742
959
23598
10727
27822
29893
2766
16846
31321
31974
20985
3262
32001
8992
6234
30836
25881
26233
26540
32093
18477
18603
24050
19780
21199
22563
6245
206
28819
23663
15114
2794
24623
5945
13522
19677
3070
16288
3755
1624
15494
24741
4886
14728
966
11121
12797
26847
4586
6569
26172
23064
25173
17455
10077
13604
7250
16322
13811
3301
7218
28925
6096
31841
2102
19618
18750
5173
3138
22506
6797
18633
14479
11683
594
15446
22805
13391
9525
27391
19961
2930
17688
12366
20385
27765
25971
27636
11320
7015
30938
18538
3172
4266
17611
5275
23884
3594
10448
27023
26100
17246
12888
7812
28930
13483
23258
18967
26874
16
13591
14067
2947
31279
26434
23333
26277
19638
18201
4829
26653
16371
23368
29826
20637
8212
2333
11754
11806
12782
6009
5139
30028
18898
12951
26190
32381
3442
12390
26488
3459
25981
7788
6406
24493
1454
29740
18002
21093
15173
22832
14978
31545
13433
12037
19415
21645
14370
31169
684
27153
4411
5823
24414
23310
18775
17837
22924
22218
30227
16645
25677
23441
24433
32084
15166
25888
29056
401
14213
11462
23233
29192
10239
3899
8461
29654
25544
22832
28056
26228
17217
32468
32051
8864
23011
18059
26701
13167
7509
24161
29812
418
14834
21478
32503
30001
14598
28791
30402
28812
7485
20868
25236
17725
24767
929
14611
17544
23761
9900
11004
8211
9601
10288
17075
32612
28347
11009
13012
3089
2402
10057
3508
17237
31535
3243
14470
13366
32034
12105
9410
6752
206
1878
24477
24973
2808
6321
9749
26569
16222
20754
2012
25823
31043
19088
25668
26623
30097
5912
29712
32499
15970
452
16968
14738
3696
31439
28104
2963
10776
4746
9715
10982
6625
1425
3188
9433
7746
12938
3235
23969
925
5248
17025
31968
24336
9925
25823
21666
15838
22768
21397
31808
23221
5598
13778
26917
4269
9115
29880
15046
13862
6828
26029
20487
8253
29217
29921
16000
9387
389
7201
10312
5637
24227
9513
29974
1384
2569
18872
17223
25337
7502
16264
15791
13101
30043
9940
17371
6390
7053
32417
20252
13881
25678
7972
22135
22127
5126
5367
31515
5515
12569
9060
11153
4029
18573
8359
5414
21142
27232
22637
13712
1966
6133
29503
15067
3408
6676
32438
9799
13729
32088
30051
27611
24998
5256
16979
14358
10382
22347
13106
15897
2149
22166
27050
6178
7971
2642
11592
29114
29874
1461
10058
31840
7595
6793
14140
11004
13470
13810
20803
27199
13131
18087
22043
5361
23344
6254
19720
958
28601
58
16856
30750
22225
11138
4161
30197
13780
15753
26543
10887
17215
3834
9959
24810
10628
24100
3047
24098
5142
23851
18530
18274
9171
7805
23635
32515
14060
10588
705
9894
10647
17561
7876
104
28700
12038
30301
9713
27791
24077
20600
12238
27911
30560
4281
5771
21892
7328
29869
27035
31180
15631
12541
7583
23437
3409
7330
4729
13998
8036
14624
24645
25598
22501
24750
21530
1771
22284
31244
29562
13593
19077
9032
8737
16869
13314
14509
5994
20642
11611
262
19055
27243
12804
26638
17912
16214
1201
22642
30212
9237
4499
22090
2067
27000
14072
23598
28771
3588
22075
25565
17182
8384
1830
25920
25254
15144
7661
31248
3019
19272
31511
22075
13748
11547
15945
31661
27761
17146
21536
25206
26384
26035
14528
28451
20267
28600
19282
16270
32189
8589
9068
16604
16973
10898
9756
9459
26043
17418
7940
29063
3923
6684
18371
17671
18232
1548
16564
13225
18695
5332
5664
12311
31367
20192
7995
18867
16025
27277
2369
15447
3099
11438
32051
20072
22336
9039
29532
15612
26457
4705
11908
30380
11389
30279
15284
29621
31828
31848
10079
17755
4413
15744
30066
3013
3168
5293
21880
19194
32571
24250
1873
2902
2920
1157
22975
25257
10196
19740
8102
3886
24445
20011
1499
3067
17523
16783
32689
16583
15864
10001
1571
20278
25745
31638
23292
28914
4164
12405
15340
3967
3887
17214
6870
6808
18371
29845
32066
28568
16817
7400
32454
8495
27412
1186
11563
12167
17970
11484
28751
1067
21485
30323
21345
14463
29193
11869
10609
590
24274
25950
4558
28162
10397
11428
2203
28768
8506
1501
24569
25324
8901
24256
1051
3545
25442
12614
15713
10644
24099
11697
11711
12816
9252
289
27280
5678
12159
5121
6268
3666
31072
10826
31829
8701
22255
1264
4702
30761
2765
29271
23317
11666
20759
24369
15212
13433
4216
30926
24078
28315
9855
3022
8364
19107
3312
2876
24785
15471
7998
31053
19138
6303
9112
18199
15004
31367
19463
19706
29361
22228
16210
19911
1127
4201
11513
16340
17635
15729
14498
8946
11277
24353
11969
19642
10693
15281
22519
2710
30753
30517
996
17124
4052
10109
2555
19057
8708
22019
5996
5302
11480
22206
25213
12607
26408
3958
28947
11276
19688
10678
20223
30965
2263
32192
17840
12956
14706
7591
15667
12692
5341
16663
29816
9394
26773
32372
28451
2713
21623
1680
8016
335
23887
461
12943
17528
4420
9123
28804
24108
19801
16259
22306
22064
15684
7379
2253
30390
14970
17920
10314
20311
1816
7363
29705
28589
6967
25389
31303
28591
27069
6551
28926
18189
7013
9101
2949
11433
18225
31753
2774
5258
15245
25081
27323
30929
32460
29576
28551
14663
14729
6098
2206
16546
13461
31912
12368
20429
24533
10903
16252
18835
17455
12411
4256
24468
21513
7205
3134
6970
6190
5909
12228
21435
30990
6784
19596
30683
3592
15380
12578
18322
21479
14785
2100
2173
13929
14468
22602
5694
25372
6087
24530
10059
18499
28786
1760
7245
3223
4894
14216
9414
10803
26445
30850
9026
461
17679
6942
4053
291
19521
22375
21770
1538
24476
23943
15468
6176
13778
21163
31548
19866
12925
8839
5597
8943
10599
12843
12167
15494
27059
21581
26298
20736
19663
2556
21197
4574
9499
25251
4866
29020
14859
26636
30558
6567
17812
13258
12744
31590
1653
11524
18689
14578
20364
24286
23522
30964
4362
2921
13690
31421
24503
7220
19390
11398
9777
7819
15973
19276
303
20839
15528
15162
14708
13319
21730
32520
26578
1706
31343
28232
13230
17264
10042
827
8783
797
31791
13145
3719
12714
11799
28222
19934
31189
6852
29712
6241
22826
16221
6544
10897
31749
21707
25606
12301
10669
25358
6111
12376
23934
1575
25607
8431
11618
26434
17215
12416
25457
30361
16135
5403
9392
11589
25338
7814
18442
22283
14055
8500
5736
20600
19398
4718
9539
12236
17019
20209
4827
23131
32586
28762
24707
25425
4425
3558
19091
21640
15974
11781
19233
32109
17185
28626
10931
9755
3672
29373
32039
17728
5106
5007
5560
24505
9725
15100
3974
26745
2542
8801
17109
2360
4795
9048
27786
9221
12606
14109
30862
28580
25891
17328
27922
10308
13186
6085
20064
16859
2691
19335
1820
7798
24343
7380
32303
1301
22481
3509
28046
25024
12311
12388
27385
17107
21436
22403
26328
1275
3745
24422
29856
29636
8982
25010
7176
22169
31096
27241
6261
1019
13808
8081
8817
5383
15462
8353
6684
5176
11862
1963
30200
24173
14352
24818
8513
3020
14453
2073
4296
18199
26496
1384
15067
2711
26395
22244
24881
24723
16717
31142
25743
30526
6455
1793
3141
21918
10147
9826
27094
22009
11790
24526
13415
26142
16576
21928
29163
31030
24002
692
16461
17731
2076
31529
20442
28472
21005
12555
20428
4954
10930
13403
2712
17385
15197
5854
6535
25344
15681
861
14586
27472
25388
28002
20846
9197
17163
17242
7460
8398
17934
23921
26129
20011
22682
13803
15715
10919
26359
3375
15874
4521
16779
18587
21907
31977
24442
28443
24553
7355
29305
6372
2059
21926
1607
22906
31123
18770
7380
5815
27168
25315
29737
20529
12558
19651
1565
28274
30571
27925
31649
13678
32447
15660
32266
21586
14870
23940
17261
6656
31295
13799
13028
587
2957
14635
23493
1312
638
30874
7128
27807
23422
4097
15569
3212
23749
17134
31486
21553
12292
30368
2464
11971
13261
1962
789
28131
25903
18051
2019
24430
31850
15048
25018
2040
29684
15744
3352
30322
13850
10481
25362
4505
14579
8163
7718
5561
25298
6437
27115
4822
4037
29579
16793
17299
31542
17583
12662
24677
2867
14682
16340
1950
29730
8590
3990
26647
24334
7342
24201
5417
17824
16795
9922
32404
24959
17640
5197
17489
24078
32312
22311
28115
29124
6337
12646
27898
23921
25309
19808
26788
7223
3380
28738
4186
11971
32728
30833
3537
7303
22267
8955
25128
6295
18878
24764
31254
3751
29961
15975
27829
29506
5518
23177
25862
11856
3055
20993
3009
28365
8033
29797
2820
11414
25768
7007
23385
25728
5072
26923
264
27339
3111
25392
866
21989
17388
32120
25741
14581
15328
20802
11319
20847
11212
4414
32703
14267
25408
2945
9865
673
32742
12685
12088
25742
19692
2705
18703
24765
29629
18967
19336
32740
11591
20203
21962
28980
19556
14935
10793
2116
2970
22113
22964
14182
26528
22899
28450
19168
25844
5547
19842
25819
18233
31930
18794
5158
1868
4730
29923
31497
23698
16492
31470
2521
3928
20665
31501
23485
2833
9527
25602
5803
31641
15798
19986
25401
5930
15669
11802
31775
21217
31644
24826
6683
30806
10853
11841
32675
15583
8997
31405
6513
25489
30107
9035
29418
18004
7769
20135
20837
17297
12969
26641
16170
28767
13860
8804
1930
29529
20606
937
17979
19482
25764
24662
17521
3849
3735
17428
19433
12733
16065
25947
5454
13405
2215
2105
31410
9985
22240
19479
27282
2442
13353
10685
31210
27213
19489
372
23975
7327
1309
9186
26810
27073
1081
11564
30923
4817
28992
17588
17550
12290
10768
23004
25695
12984
25110
24337
22969
14582
11049
17483
17025
24403
28169
15467
18848
14890
15839
10056
22218
17149
19243
16260
11454
20324
27824
9609
25141
24049
27198
9923
3572
5199
160
29268
18183
25271
20838
8385
7085
31887
25869
24111
23523
21270
6810
9603
3392
22649
19660
25610
7030
6135
9103
18485
26460
4160
28095
18834
28210
22526
28758
31782
27726
28919
28282
13141
21422
16352
21526
28508
15472
14627
19851
6227
3130
26661
15831
6522
16543
2724
32133
23574
8860
8469
9291
2552
12630
4619
21387
8072
27145
17377
7086
22103
13528
2601
2477
2183
18954
24004
30691
1659
5864
17774
7887
8994
11668
23719
15517
28212
26443
14882
19018
2535
23352
28310
5088
3214
162
26475
11286
27307
11085
18373
16643
24614
20975
19121
26797
7162
10357
24720
8821
16222
9727
16708
25216
21396
7660
7966
16840
1335
22848
3091
3871
13433
31401
8960
16647
31563
2668
27934
26103
13753
13540
9979
5599
1747
29100
32397
8909
6690
24350
17731
22912
1310
1672
15361
22706
9332
23327
6779
10668
13408
9870
14539
26841
8503
23499
10721
7299
26167
5887
635
7153
19428
10614
12753
21176
6947
12382
30086
13637
3965
15049
3782
5275
16721
19143
27982
26054
9703
1993
3954
23111
11863
18493
17185
20367
9225
27906
27667
2624
1026
28302
9777
20455
6149
22530
8863
13096
2145
6181
26733
6110
21231
30516
11386
5184
16891
6600
31239
26595
8593
2425
16938
20456
20919
1355
8056
30144
29262
2955
1
30289
31258
9779
17976
4639
32310
26839
17735
1687
253
11701
7798
21484
9449
19184
26669
26341
25784
25140
20168
1610
27566
4339
22067
15717
5694
30123
13094
2189
311
13095
32478
31569
22874
17687
3440
22417
11758
21175
24104
12011
109
31903
728
9558
18319
27397
3131
11336
19769
23300
12946
14567
27639
2246
30285
566
32369
10611
2755
32680
23706
2466
31482
13813
20153
2154
3462
31912
23330
27567
11156
23439
26702
11884
229
12254
6513
3361
23590
26283
26661
3769
8082
21533
6015
5600
22099
5617
16211
24855
5530
7150
27321
4244
20963
14707
6399
24426
13852
29729
19226
25008
20400
13160
4125
20630
25415
10639
23992
16238
4154
17886
20008
12237
6651
26023
17837
28751
31641
1281
20838
4404
8431
15391
8648
29394
30099
15048
21053
11183
12009
7511
3424
32410
20672
7549
20273
13319
18189
11498
29557
22343
29384
16797
1813
3268
10053
19651
32019
8927
20932
20089
13331
29363
2713
21980
25990
44
4260
14275
11227
16270
21787
14652
15913
9691
22201
3418
23011
7622
14916
19801
29966
11533
3830
31779
14801
13884
18662
14052
22812
6826
1374
3375
3422
4087
25356
29412
4131
29617
10919
15359
13119
32707
30011
29032
9630
19445
32451
32642
27068
14599
19675
24267
26132
23506
23279
8166
4623
9174
22218
27435
16001
23593
30811
19423
27680
23399
16067
31812
20248
26987
14404
600
26926
11647
29633
3789
31093
29316
3663
25394
11147
23339
16893
4512
14077
7405
12678
18700
16579
2129
13368
32580
25722
11411
19235
20634
2043
2535
19679
22292
29522
1315
22892
23681
12963
19758
27470
11288
16306
31134
3915
27453
21705
20809
31966
3015
28214
11876
21716
12026
14006
2316
11838
6960
13728
31074
27595
15772
841
14506
5296
30363
15821
28189
21276
28784
15179
15979
7305
31485
14346
11220
26171
3283
32030
25369
6299
27476
4478
28015
6734
18484
30332
18573
25445
11293
16879
20272
27065
17720
2011
32361
15316
17832
27782
3825
13849
10194
19805
21154
8911
1383
32375
2315
4667
31637
27684
10966
26345
32163
6214
312
17880
3779
18886
10557
15072
2997
30830
9369
20718
73
8962
3267
17906
3977
7092
31755
14171
26898
20141
23083
28281
19748
25398
180
18618
20315
11147
12196
19711
17362
12508
4823
21141
31394
15381
3445
1624
13444
12814
22342
13518
21777
25610
31424
25755
32702
30412
7158
26833
17786
30242
22346
4767
22873
22527
23385
10421
906
2813
30132
18269
15322
2188
6642
13949
17570
10087
15573
31015
22901
5148
11765
11911
30758
10422
4898
30693
8066
12057
24758
25852
9531
14337
30619
32405
4096
21236
10058
5003
24050
7423
23272
6604
9611
29914
20554
27182
7234
3360
25429
30136
8508
4426
9279
6499
14849
14177
4425
22915
26235
29184
15999
2998
10753
13851
2635
14849
2320
12694
19853
26370
20117
10358
207
29729
7505
20761
24143
14739
24121
16805
12107
32630
21232
21387
6361
3313
2796
10787
26228
29031
7203
9460
32030
17956
23312
1898
38
25632
14593
19891
19234
1942
30250
19442
31671
4987
7435
23047
19726
31556
7084
31834
31419
28317
20453
5012
31630
23250
15799
25091
19514
23003
1784
18777
8191
25096
20675
8229
17960
2500
28121
4427
4443
25603
23869
3347
30591
31305
26394
17549
30094
711
16616
28745
29028
4301
990
27891
27552
16790
20214
14298
7025
21998
307
15216
14326
20983
23446
32287
23484
18799
3947
27927
11635
27817
31275
9458
26354
24901
27008
23681
25613
10857
19658
21874
15158
20648
16997
9943
4670
4443
24241
11695
26442
24549
26912
8000
12765
17590
7520
3481
3622
11468
31409
15257
6517
29916
24716
104
22050
18957
23785
14896
29814
10676
4002
12205
31325
20999
22148
3227
25443
13622
14923
19117
5403
9067
27118
18169
26658
1870
21650
30280
13338
20292
12770
19856
17440
4718
19961
6723
23676
10978
21619
20722
21655
25621
159
20212
13853
22308
23439
6528
3162
5595
25645
8566
14663
19995
26735
8553
21866
15618
6066
2437
3142
18836
22293
20583
23555
9486
27307
14463
20465
16158
2418
9352
9012
2578
29564
22865
24886
20236
29394
28048
25832
22272
3846
7727
9499
30582
16281
31366
13433
22347
1035
16575
8415
23328
4391
31970
47
31699
13666
20512
15089
16084
29865
24102
18662
26662
14200
10780
14131
10826
6061
7195
331
9908
14922
9830
7722
31204
8429
21155
20783
9464
4963
29198
25
9355
28401
72
8286
9299
20585
23376
25384
17682
14711
11279
11577
28911
22060
25708
6970
28121
135
7301
5261
15058
17132
12984
13494
25561
1372
1509
2257
6336
30708
2283
15692
26341
2355
23979
2873
22941
14588
28258
7856
29299
6769
19433
25442
28829
12373
32413
24182
12509
6946
29444
27567
24079
9661
8294
16872
11034
9803
19130
17371
7744
21414
295
1317
23769
24274
4191
13943
6095
32449
21799
2626
6450
8464
28069
2512
20838
27714
26695
579
1893
23372
28146
25973
265
3672
10077
11300
13476
29208
28671
21221
17854
28966
22539
8856
20473
26730
22799
26568
26412
11831
29195
94
20295
24496
2607
8365
19443
29302
8944
21337
19906
4323
14542
20172
7996
24620
31472
21473
21060
27375
9926
6147
23574
32465
15004
11280
26428
5036
5081
20072
16867
1508
20167
4395
26005
22774
12761
12680
19309
21706
1249
6448
26029
15792
26620
1258
7644
25324
22732
28705
19932
32658
2085
10739
32356
17089
22020
26017
22125
27102
13322
6225
28611
721
10620
21848
23496
23381
1761
10038
12319
3011
16486
5581
18803
10338
6839
26447
2895
29571
22384
22828
29462
24469
800
29051
8791
22820
22300
30917
17155
2854
4374
12998
3576
14994
2078
27073
5608
3839
4343
17927
6850
20829
23509
25654
31168
30348
19333
1295
27152
8950
24124
23847
652
24924
20130
9443
14977
9662
7592
32132
12517
11967
12362
16094
26962
14441
10399
32570
18280
14742
17730
25131
2804
8471
18017
1205
6052
4583
2501
436
13533
26625
24283
14186
18782
11646
23629
991
21309
31222
355
1058
10421
12718
17152
4615
27159
27552
4418
12672
9526
22148
5036
12331
30619
23053
13536
3904
27637
16037
4340
8403
9895
28624
22589
28677
7502
13450
29668
28811
11905
30024
29870
22327
9974
14255
26943
4366
9039
31361
17038
18566
20741
22074
30897
18593
12360
11666
22497
7230
27704
26838
15633
4831
22695
5454
740
30198
18905
30409
26242
30810
27665
23344
20370
4872
4832
14545
9239
13871
13138
26278
32437
1112
15584
30567
19705
27945
9466
9435
2407
4402
3505
18041
9234
26201
23495
9974
23631
9632
7616
17105
7675
2514
7682
28045
7387
12515
9822
16626
26386
22961
10136
26056
24073
25721
23856
11010
20898
554
20446
23306
4957
23952
8579
14191
17385
32075
24166
8249
8940
31782
25355
16616
1528
269
11893
8915
12784
21716
25542
6403
11909
2910
32459
3215
28631
23548
14225
16762
24102
1904
7301
29059
25856
15881
10482
10473
15188
1880
18723
24129
895
11310
7977
2424
11580
19871
11339
24364
8819
4114
30768
20729
7024
30460
23944
2888
21240
5402
19651
12575
7306
26953
8866
395
10066
19349
10869
25255
21230
29592
16616
22126
8134
24594
24550
19714
11697
3122
11311
20517
7236
9311
8478
14260
7004
32423
17149
28244
5058
4033
8051
12364
30986
16918
12759
8285
3500
23629
773
24731
20453
17389
14089
28587
9216
5871
15533
20913
8993
26845
8662
16229
3388
17141
30490
10392
16796
14872
5869
21854
18905
13921
1451
17124
30839
14211
25409
1572
5072
26182
26303
25525
10804
7624
21345
20020
13495
4111
8165
22489
30956
16828
5950
1576
1201
3673
11969
17998
18545
17838
7084
4683
31759
8536
21807
29831
22747
14449
31403
27820
7864
24939
20577
18668
32563
9155
5921
13291
13266
14087
3012
11454
30915
8963
13031
32117
12636
25000
17347
31181
10071
24431
3097
9063
199
24904
6127
22947
6585
4762
17999
14450
29701
5809
350
29497
14964
6272
10021
28230
20359
13033
6917
18507
21996
19948
17856
1865
12180
2435
279
22252
26867
3376
31315
27066
28281
4674
17246
2099
9437
2477
16549
6371
8287
16900
3101
23251
23172
13122
18714
10763
26155
25631
29270
15384
12811
14359
17250
24992
16794
17529
14476
10893
20905
13024
5192
16419
17699
22438
18518
27137
24916
2299
740
435
19199
3841
23686
9603
16964
9633
20367
10352
2496
16870
25736
15308
31229
10218
7532
15255
27748
22009
26149
15886
2266
31341
32305
19966
21012
18055
14335
13160
20354
15076
13596
6786
18917
4514
16389
3114
14148
3989
13466
16644
20859
6434
31953
19321
16653
6718
1809
11634
28728
27958
27520
30994
26532
27057
18192
14776
12344
32528
27937
32699
14836
8765
6717
986
13280
23107
4100
27428
27096
17566
11305
15188
24001
10490
1741
7887
17208
3550
19521
13168
31509
14273
11395
25273
8562
29588
7282
20907
29348
2452
20838
11416
11217
27556
12402
24498
17896
16503
19158
12224
1301
30464
27413
25302
8187
29154
422
25396
32705
19943
5797
31446
1448
17192
23952
10011
14013
31235
30919
10593
919
18990
22010
12136
13778
1645
3866
31674
18148
23025
11131
19450
20721
5776
11985
28909
2163
12407
21537
2101
32350
27334
780
1031
11758
24732
11043
25772
23200
9194
3598
24119
28184
25608
3488
9195
27254
7355
8102
12634
30381
19233
32084
18335
25010
11301
14476
27173
23709
3245
29275
23291
30579
30055
24323
9570
22020
2598
2574
12452
11793
6172
3804
7210
31780
7292
16405
26267
14648
24507
6133
12261
10973
5450
30596
3215
16752
12304
30389
7693
15549
26897
30985
13360
24184
22541
22930
13436
25140
25505
25889
4165
31677
29693
11376
30690
4218
27781
24189
18866
19521
30322
31128
30495
3005
28956
943
19757
8492
31333
27451
24042
25462
25669
4634
16878
15442
27565
30315
7815
20302
23436
11981
19212
20362
23357
17134
24580
18371
8555
10679
5125
6110
9039
2852
9116
5227
3795
28874
13720
2360
23557
4994
27822
16459
9629
11933
31901
4427
9480
6948
24730
149
18929
11174
20511
9519
28308
12324
27890
4096
23004
247
10206
32043
3099
19323
4503
6895
15429
18224
9256
6218
23218
4311
22677
80
16244
21811
4507
25725
28760
29238
25875
14922
7644
13618
24441
3185
25943
19564
7281
16180
19811
17488
15455
22911
4043
19959
29807
19472
5415
6295
25691
28634
10606
15601
28714
26851
4644
454
19808
637
29693
12915
15560
4569
26534
7234
7755
19710
26798
15036
3122
13842
32525
18577
3985
3801
5769
1024
23273
11184
7320
16197
7051
17926
31798
2998
12009
3675
3453
31818
4313
378
11965
19873
4947
5732
27107
12702
25442
21137
27739
28564
2211
27497
14374
6197
31298
20143
7222
21803
31328
14542
5233
5611
32469
4263
8610
11710
7939
12063
10761
12252
12441
22726
32125
17389
28458
26464
30092
21133
14834
25064
16929
17045
19793
31303
23242
18323
18679
30465
7359
17240
12239
12592
22852
11940
16856
31462
23651
24795
10757
1644
4279
23199
24371
3636
7820
20061
30101
5145
8426
12167
30209
25356
29213
17234
23892
19687
2789
9804
17385
10149
27044
29624
22741
17128
8796
6829
15823
32448
31624
26580
1324
3135
17012
25695
6772
24832
12989
4105
29978
21416
16273
27419
14004
12718
11885
5128
32406
14675
14933
17023
24824
9209
13879
14797
26338
22676
21627
9393
22356
20483
3206
23681
23619
20218
16609
30392
12283
29598
1730
9493
18246
18003
4145
32251
30721
16030
4612
30359
30706
19545
14614
22762
28755
28494
4792
22325
18402
26420
31719
7991
14136
2157
31673
4988
22376
15514
2612
1892
12345
4342
11386
30592
22345
15531
30075
20299
31562
1920
17890
29500
21466
32505
19495
17453
28231
24288
7010
13866
17940
5962
21858
32076
8119
20763
4297
30496
3510
6909
32388
15855
11252
11006
13680
830
26537
10988
21129
25332
12908
6252
22064
1606
5989
8791
19060
1453
312
26071
15319
18253
32033
4410
17562
7385
25174
21859
5113
28684
28768
4734
11772
7253
15741
25452
8083
9511
3672
29212
2075
16581
2697
24139
18188
8686
163
4480
10139
475
30551
25459
18728
29816
29869
3522
4433
22276
25382
9547
18192
21383
14281
29965
28636
30022
22650
3951
6765
26323
396
8840
10136
3093
212
28324
11780
375
37
21920
851
30588
14611
19580
27637
11713
23103
32070
1221
15717
8849
19414
4332
23131
16612
201
20385
6494
4152
27151
50
4549
3223
10186
7643
3435
5743
19423
3811
5780
8575
4662
3601
23187
24243
31238
2132
14578
30541
3354
30296
6622
22769
1861
29754
6613
2062
17371
13108
6215
11754
13158
10765
14978
23345
18408
18414
29089
5064
22225
2102
13640
26888
5703
4059
18364
4173
6192
174
1946
9547
30471
8569
32316
32332
5555
6162
1627
22927
19271
7842
1914
32430
18607
16893
23007
4248
2539
19329
9312
24765
21431
22952
18885
27134
27012
4481
31308
436
4656
487
9984
2360
9057
9533
1924
14613
15695
3552
4773
2199
11394
6687
1861
30002
23580
24869
1482
26120
11431
10795
18117
94
980
4235
27228
27992
8716
25769
28429
13373
26257
5645
15733
2546
15178
17658
17159
30874
21210
21933
305
32605
28620
2167
29839
19433
27037
31322
12785
5700
9349
30903
5794
10330
2370
255
5554
11087
26025
1216
24460
19514
6861
7425
22060
22040
25084
6452
20147
13526
28386
20452
13364
24238
22620
10435
10904
16890
8990
23690
22590
18339
21825
28385
28670
24196
28641
1456
2515
21899
2672
26975
8645
9534
1633
30706
31575
26717
4391
18954
7476
9
6639
20840
24248
29260
31276
2385
13382
7498
26075
3205
25838
15133
31591
21740
6561
27465
23197
9077
16596
25870
3284
25242
2637
4918
23180
1444
31636
27572
20398
6345
27582
27038
27186
19062
23530
25694
21447
4144
424
14755
7350
26263
29889
6173
15235
3683
870
5665
12760
17467
31535
16045
9941
1404
20964
353
2849
19832
27926
23247
26178
22740
17518
20596
9035
8280
13522
30483
12425
13947
12471
19775
7443
9592
25949
22679
13276
26819
28344
26036
11518
27111
9314
21459
28516
30278
21813
31365
17343
16972
21845
10754
6944
6595
31350
15980
14875
12105
13695
27301
26052
26166
14308
727
2991
7490
23406
16267
1541
18983
9536
13060
13326
18851
1752
9074
16362
23566
7671
938
7770
29516
11692
14715
3344
10274
30696
18219
22379
11623
12753
15664
5022
27062
16392
8014
1784
7031
24282
3326
26014
1051
16386
6573
19902
18139
15647
3496
8937
23319
4435
16708
20068
16127
31424
23412
26402
29352
8864
16013
8208
21618
31678
13231
15912
15302
21245
17696
22334
12759
21022
15580
13810
4641
22153
945
22781
5033
4442
31719
28353
8877
15659
15654
25005
14316
6299
18639
10900
15164
1885
19109
4014
795
32340
19926
16098
20817
4855
5664
809
25877
21245
14620
30519
10631
15565
20532
15665
20008
19484
11251
28885
2376
26905
21123
16692
436
6994
27593
15600
8880
13934
19615
9675
13506
6773
25774
1556
11628
31439
2365
4738
19916
16985
2490
30548
32551
23022
13445
19791
9739
24696
15909
12115
18834
4264
28807
19271
11259
23632
2104
20139
4799
21719
29815
18305
28492
22821
19861
7353
21493
22227
12091
8642
6444
14582
6422
6228
4836
19868
26020
14576
11797
9161
26691
30631
13426
22730
17135
24685
13595
19239
12056
18395
8190
9104
3932
3915
31925
23794
11269
20651
13253
23361
29293
19698
5175
2947
25926
10012
22816
19178
24588
1845
28340
18511
32477
8998
8474
16844
916
22070
3315
12972
7697
11506
22076
11629
15422
21234
2656
26691
9117
15909
17284
5643
2840
22459
8591
28767
32472
31407
15178
24292
484
10750
10035
194
19749
18510
17038
20665
7812
20354
870
15509
31860
22947
27139
14514
11414
29796
8437
20532
12937
25722
26175
15778
15414
1998
11777
15118
638
26956
6643
1123
4938
16679
1317
24688
2421
18355
12586
10234
5941
13457
25744
5034
3637
20115
19548
15051
17143
27986
2816
30081
20941
28991
13092
3588
30990
24869
18707
31629
19058
25350
32752
23996
9261
1301
15917
11683
19657
28503
21917
25599
9193
14893
30634
12830
2241
17415
27881
19385
12633
30697
16699
807
26921
29791
4395
25144
21893
23102
24005
8183
15684
23990
32180
24946
25292
15330
3862
12181
11066
25779
5013
20259
7905
2879
321
10147
20294
28203
29533
160
26133
13464
968
20287
10488
5363
12663
32381
28465
3901
7797
11382
27891
7209
3561
20415
22540
7423
32597
838
435
4843
21097
8341
7723
21418
18488
28018
16853
15253
28178
10218
28718
29147
30506
6438
1742
10401
6051
30208
14303
13849
8823
9426
21059
12384
29842
10831
19808
29672
11669
20243
1747
32766
28584
9470
21417
14305
4720
5503
29559
131
15722
25509
29278
13460
31947
31021
23862
5231
28461
5397
19080
4517
14824
7372
16902
11898
18203
3942
8802
29872
24185
10550
29871
20002
20020
18521
1540
24741
24024
31099
24873
6978
23840
21383
20439
23020
19637
11533
28252
15330
16930
14565
19848
31754
21937
3982
10885
7372
7924
19687
4477
32110
30238
1581
19345
17490
20102
20885
9464
11359
19216
1569
18337
10289
22953
6009
542
9822
17542
28794
25153
1704
10592
12233
691
32529
16216
11576
7134
24140
31264
11611
23482
28734
13193
10059
13457
527
30945
22921
11887
17393
24491
30224
27683
14676
3466
28225
24499
21008
24252
16884
22713
2076
29118
23404
1838
12566
2212
8972
3939
708
20584
27421
29443
1009
4713
10132
1537
2890
285
13424
20284
24776
10881
15200
6685
14347
10658
31184
2588
2142
15301
25301
4219
11652
15937
6057
24218
18150
15030
28158
18858
2846
22812
15534
3856
27525
25666
5393
30416
25951
18818
17933
17960
29700
365
24645
11279
11024
23062
13867
13167
5595
6400
17386
17248
22338
23444
8699
7720
5706
4089
26579
8553
26901
9345
12409
21658
2243
17803
19307
28195
3854
4473
13387
786
4839
5265
12066
15863
28328
25933
29030
1156
32334
13649
18404
21905
4325
27103
29625
10032
31192
23437
18586
25325
14
30995
14216
2258
16031
756
30453
19885
5229
11073
20671
10068
16339
32737
25932
11899
25903
22195
13055
25470
3076
31460
14607
7402
25795
11464
17435
24220
2133
3253
16777
2148
1480
30994
4406
17511
31750
2091
4629
4212
13165
25300
14281
29504
25269
7445
8636
18405
29640
21692
11107
32717
20384
25714
7351
13412
4411
24786
4864
6545
28039
21642
8693
29520
19868
13100
14264
18851
15192
18893
23063
28357
11425
4577
25094
3927
12022
962
22332
8895
22654
671
8844
10271
26386
16196
23683
30797
8214
28547
4574
3486
17421
13268
238
4522
26368
14502
23373
8792
627
13669
4382
12053
18246
29476
15980
30269
30438
5545
6396
20325
6217
15241
30596
32603
31437
21511
30633
6884
17291
2440
10370
1944
15708
10609
6467
9309
25111
29841
18101
25739
10743
22483
5025
28989
19191
21006
26491
16862
26551
120
4420
0
15361
2248
32604
14031
23760
30469
20915
8283
141
31285
10228
15850
9126
16695
25159
1470
13769
10493
27210
24512
208
32235
20734
19400
20473
14457
3495
14257
14577
7915
14258
29939
10164
14094
11202
1156
11796
32117
9440
11938
30635
19668
27789
6994
3596
20180
8465
17366
30673
2907
9110
30882
2375
29844
17515
22849
11534
21010
4338
26112
28926
18596
23283
6322
32691
1718
7479
11720
1068
16919
23659
31703
3820
18680
5930
7417
6092
14396
24784
3998
17304
1126
2113
19679
30971
19628
9761
9738
7870
14099
3082
4029
32696
26366
10351
32620
28084
17831
11573
29152
1983
2464
28088
5804
21144
1251
13222
27237
15647
5238
31235
183
6364
581
19862
4568
20209
29624
14306
28079
10955
17389
32109
10884
10987
9692
10737
6303
27524
22310
2687
29507
24774
30776
2544
13150
32027
15766
7620
14906
21004
6088
15089
27369
6669
2184
31937
26878
31808
13476
22190
9996
30865
21531
20881
9084
31224
31618
15387
25980
21160
18075
22720
13167
16083
25264
26318
15343
8262
1170
30249
29266
7258
12570
23867
13928
14755
23037
8038
13795
3745
30228
23792
1843
18992
11905
10928
17448
10756
26316
10660
31917
11623
613
12316
